<?xml version="1.0" standalone="no"?>
<!DOCTYPE svg PUBLIC "-//W3C//DTD SVG 20010904//EN"
 "http://www.w3.org/TR/2001/REC-SVG-20010904/DTD/svg10.dtd">
<svg version="1.0" xmlns="http://www.w3.org/2000/svg"
 width="1533.000000pt" height="204.000000pt" viewBox="0 0 1533.000000 204.000000"
 preserveAspectRatio="xMidYMid meet">
<metadata>
Created by potrace 1.10, written by Peter Selinger 2001-2011
</metadata>
<g transform="translate(0.000000,204.000000) scale(0.100000,-0.100000)"
fill="#9b42f5" stroke="none">
<path d="M3585 1590 c-16 -5 -46 -13 -65 -18 -74 -19 -107 -44 -143 -110 -42
-76 -47 -90 -47 -145 0 -61 31 -138 74 -185 32 -36 129 -82 281 -134 101 -34
135 -68 135 -131 0 -44 -19 -68 -76 -97 -93 -46 -201 -23 -271 58 l-32 37 -46
-25 c-25 -14 -55 -35 -66 -46 -19 -20 -19 -24 -6 -50 34 -65 120 -119 235
-148 82 -21 134 -20 203 3 144 48 196 95 223 199 18 70 18 73 0 134 -16 52
-29 73 -79 123 -53 53 -72 64 -155 94 -222 79 -230 84 -237 158 -5 51 -5 52
33 76 22 13 51 27 66 31 35 8 128 -24 169 -59 l31 -26 62 35 c35 20 62 42 64
53 3 22 -84 113 -130 135 -76 36 -173 53 -223 38z"/>
<path d="M7087 1579 c-126 -34 -196 -116 -205 -240 -11 -153 50 -230 231 -294
51 -18 108 -39 127 -46 126 -45 167 -132 95 -202 -83 -80 -205 -74 -297 16
-39 38 -54 46 -71 41 -30 -9 -80 -40 -100 -61 -15 -17 -14 -21 6 -58 28 -50
139 -120 217 -137 113 -25 256 -2 346 54 51 33 70 62 90 139 17 64 14 99 -12
181 -22 68 -103 139 -187 163 -34 11 -91 32 -125 47 -35 15 -70 28 -77 28 -7
0 -25 14 -39 31 -19 23 -26 42 -26 74 0 39 4 47 36 72 29 22 47 27 88 27 52 0
136 -34 136 -55 0 -5 10 -14 23 -18 17 -7 36 -2 79 22 65 36 75 50 53 83 -45
69 -101 105 -216 138 -68 20 -85 19 -172 -5z"/>
<path d="M5363 1572 c-87 -4 -174 -50 -269 -142 -54 -53 -105 -139 -129 -217
-19 -63 -19 -215 0 -271 39 -110 126 -236 187 -268 137 -71 193 -88 288 -88
105 1 266 67 331 136 52 55 72 85 65 97 -8 12 -112 71 -127 71 -6 0 -36 -22
-65 -50 -75 -68 -169 -99 -250 -82 -81 17 -140 50 -196 111 -73 80 -88 116
-88 208 0 91 24 154 83 218 33 35 51 48 127 87 38 19 198 16 235 -5 17 -9 41
-21 55 -27 14 -6 41 -27 60 -45 l36 -35 64 38 c35 20 65 42 67 48 7 21 -129
145 -197 179 -69 34 -141 44 -277 37z"/>
<path d="M8280 1570 c-145 -15 -298 -136 -360 -285 -38 -92 -50 -209 -31 -308
28 -152 134 -286 271 -344 96 -40 196 -62 235 -52 229 58 284 91 381 235 43
63 53 90 65 179 17 134 -2 262 -53 342 -47 72 -137 161 -188 185 -25 11 -56
26 -70 33 -32 16 -166 24 -250 15z m226 -206 c69 -36 100 -69 136 -144 28 -57
32 -75 32 -145 -1 -101 -25 -159 -99 -230 -41 -41 -67 -56 -122 -74 -115 -37
-217 -10 -311 82 -66 64 -91 110 -98 185 -13 123 35 233 130 299 63 43 93 51
197 52 74 1 93 -3 135 -25z"/>
<path d="M9605 1570 c-129 -14 -273 -119 -337 -245 -56 -112 -71 -243 -42
-364 16 -67 61 -166 96 -211 21 -27 128 -110 141 -110 5 0 23 -7 40 -15 18 -8
51 -19 75 -25 23 -5 61 -15 84 -20 32 -8 52 -7 87 4 25 8 72 22 104 31 32 9
83 31 112 49 57 34 137 122 133 145 -3 15 -78 63 -115 75 -15 5 -37 -8 -86
-47 -145 -120 -295 -110 -431 27 -70 70 -97 132 -95 220 2 147 123 286 267
306 110 15 213 -14 282 -78 19 -18 33 -22 58 -18 36 5 122 51 122 65 0 4 -30
39 -67 78 -90 93 -164 128 -283 135 -47 2 -112 2 -145 -2z"/>
<path d="M1110 1095 l0 -475 43 0 c280 -3 448 1 474 9 66 20 120 68 154 136
29 59 32 75 31 147 -1 72 -5 89 -37 154 l-37 74 16 48 c29 83 31 150 6 212
-31 79 -61 113 -125 144 -55 26 -57 26 -290 26 l-235 0 0 -475z m477 285 c53
-19 70 -95 33 -143 -25 -31 -91 -47 -196 -47 -98 0 -141 19 -150 66 -8 45 4
105 24 121 21 16 245 18 289 3z m16 -352 c94 -37 89 -203 -8 -244 -23 -9 -72
-14 -149 -14 -106 0 -117 2 -142 23 -26 22 -27 29 -28 114 -1 136 6 141 199
135 55 -2 112 -8 128 -14z"/>
<path d="M2426 1508 c-16 -59 -49 -152 -117 -333 -51 -134 -61 -159 -72 -180
-5 -11 -14 -33 -18 -50 -4 -16 -29 -88 -54 -160 -26 -71 -49 -137 -52 -146 -5
-18 32 -29 102 -29 52 0 67 15 91 93 12 37 29 68 47 83 28 23 33 24 203 24
l174 0 28 -27 c16 -16 37 -54 47 -86 24 -75 42 -87 127 -87 78 0 79 2 47 77
-12 26 -31 80 -44 118 -21 63 -39 112 -65 170 -4 11 -18 47 -29 80 -30 92 -87
245 -106 290 -9 22 -30 82 -46 133 l-30 92 -108 0 -108 0 -17 -62z m160 -266
c16 -10 54 -87 54 -109 0 -10 7 -27 15 -37 18 -24 20 -97 3 -114 -15 -15 -161
-16 -188 -2 -40 21 -41 42 -8 140 17 51 39 101 49 111 19 19 55 25 75 11z"/>
<path d="M4387 1564 c-4 -4 -7 -215 -7 -469 0 -345 3 -464 12 -473 17 -17 145
-16 150 1 2 6 3 221 2 477 l-1 465 -75 3 c-40 1 -77 0 -81 -4z"/>
<path d="M10540 1106 c0 -255 3 -471 6 -480 5 -12 21 -16 73 -16 39 0 72 5 79
12 9 9 12 129 12 480 l0 468 -85 0 -85 0 0 -464z"/>
<path d="M11430 1558 c0 -7 -18 -60 -41 -118 -63 -163 -96 -255 -139 -380 -21
-63 -50 -141 -64 -173 -14 -32 -26 -64 -26 -72 0 -8 -10 -36 -22 -62 -12 -27
-29 -66 -39 -87 -10 -22 -16 -43 -13 -48 3 -4 40 -8 83 -8 90 0 108 12 118 76
10 61 39 102 81 114 21 5 104 10 185 10 191 0 209 -9 233 -115 4 -16 16 -43
26 -58 19 -27 23 -28 91 -25 l72 3 -1 30 c-1 17 -13 61 -28 99 -14 38 -26 76
-26 85 0 9 -14 43 -30 75 -17 32 -30 65 -30 73 0 7 -6 24 -14 36 -8 12 -23 49
-35 82 -11 33 -36 105 -56 160 -20 55 -41 116 -47 135 -5 19 -13 40 -16 45 -4
6 -16 37 -28 70 l-21 60 -106 3 c-82 2 -107 0 -107 -10z m142 -322 c18 -13 32
-43 74 -154 l24 -63 -24 -24 c-23 -23 -33 -25 -107 -25 -71 0 -86 3 -106 22
-29 28 -29 37 6 107 15 32 34 74 40 94 8 24 21 39 39 46 35 12 34 12 54 -3z"/>
<path d="M12369 1563 c-4 -27 3 -938 7 -944 5 -9 456 -10 509 -1 l40 7 6 60
c5 53 4 62 -15 79 -19 17 -34 18 -176 12 -145 -6 -157 -5 -180 13 l-25 20 0
378 0 378 -82 3 c-46 2 -83 -1 -84 -5z"/>
<path d="M6302 734 c-17 -12 -22 -25 -22 -58 0 -78 86 -127 131 -74 27 30 27
123 0 138 -29 15 -83 12 -109 -6z"/>
</g>
</svg>
